Time,X Position,Y Position,Error,Linear Velocity,Angular Velocity
0.03917336463928223,1.999687858831794,-6.999237184984147,1.999688004326183,0.20075214550620102,-5.151794858537071
0.09088015556335449,1.9996877163411257,-6.999237501445476,1.9996878617148308,0.20256945068457372,-1.451842054985933
0.14074420928955078,1.9996875780610486,-6.99923780844432,1.9996877233177257,0.20538388151930695,-1.453891240610511
0.20167970657348633,1.9996874398002968,-6.999238115291231,1.9996875849400513,0.20941683173523307,-1.4568270505315148
0.2755119800567627,1.9996872973700974,-6.999238431277146,1.9996874423894961,0.21492619594765128,-1.4608352521474486
0.3218536376953125,1.999687159148637,-6.999238737815072,1.9996873040513259,0.2213622484444548,-1.4655158625091795
0.374706506729126,1.999687020946532,-6.999239044200759,1.9996871657326165,0.2288551925368112,-1.4709631783935802
0.4393935203552246,1.9996868785766921,-6.999239359711865,1.999687023242748,0.23764167349533724,-1.4773491426486525
0.4896235466003418,1.9996867404138257,-6.999239665788821,1.9996868849634892,0.2474325975144715,-1.4844631151767356
0.5411636829376221,1.999686602270273,-6.999239971713763,1.9996867467036494,0.2582541621341645,-1.4923246791611644
0.5911145210266113,1.9994921893725748,-6.999509318404907,1.9994922495799679,0.2700540014558652,-1.4983068777949133
0.6559669971466064,1.9990214080455506,-7.000263617344399,1.9990214254275815,0.28311983985732114,5.781294822884788
0.7249133586883545,1.9982617427228198,-7.0014960069931504,1.9982623027186805,0.2975295979604723,4.870309063659021
0.8041126728057861,1.9973756918664418,-7.002853601765747,1.9973777303009024,0.31350230817184466,4.919370793241363
0.8758618831634521,1.9966055874088604,-7.004010358352419,1.9966096149839596,0.3309130392133714,4.964165103388722
0.9472146034240723,1.9960590363003088,-7.004982448174454,1.9960652547414195,0.349765624775902,5.001655726846258
1.0182545185089111,1.995809334731865,-7.005930898395211,1.995818147066166,0.3700634224720988,5.030068628808637
1.0881681442260742,1.995732557119712,-7.006937771401971,1.9957446159816166,0.3917731265148628,5.052185511102314
1.1543922424316406,1.9956396132893433,-7.008464135580487,1.9956575627398514,0.41480213728045545,5.076061122411432
1.2244372367858887,1.9955515485743802,-7.010779599658418,1.9955806630618576,0.4392290800412842,5.099776403936848
1.298482894897461,1.9954619961773516,-7.013796469408406,1.9955096894668884,0.4651333346655363,5.126040217495385
1.3651659488677979,1.9953438322446888,-7.017556798138386,1.9954210708614342,0.4923652818009243,5.154316417284037
1.4331068992614746,1.995096925737268,-7.022100383805856,1.9952193288084055,0.5209387334521732,5.185728190818064
1.5040810108184814,1.994797730056929,-7.026954014311135,1.9949798251430417,0.550920895805273,5.225591565143248
1.5605299472808838,1.9946751037775068,-7.032181024325457,1.9949346826290937,0.582047934704998,5.27235382060311
1.6312432289123535,1.9950263966214643,-7.038175246426686,1.9953916088467853,0.6146433178363657,5.3229639208994
1.6982512474060059,1.995942674192042,-7.044738859030583,1.996444019793252,0.6486531944009138,5.3768066284214076
1.7763032913208008,1.9968985834766249,-7.052141260026826,1.9975792008549087,0.684249777598605,5.43436704166021
1.852665901184082,1.99777361218817,-7.060508641114722,1.9986897461099156,0.7213898755207468,5.497321249673189
1.9260900020599365,1.9986452455431514,-7.069064130692749,1.9998381613722118,0.7600233999305458,5.569253018069077
2.0012810230255127,1.9996963571700561,-7.078061249441847,2.00121939815294,0.8002115476529588,5.642882275592705
2.0700719356536865,2.0011610517641545,-7.087813524318966,2.003086810438113,0.8418636267911361,5.7124821727061805
2.146836996078491,2.002727366477368,-7.097609999846558,2.0051046397900083,0.8851117379434239,5.778404010015419
2.217663526535034,2.0040473611231167,-7.107618384967997,2.006934862522361,0.9298018226641336,5.845121984714285
2.284592390060425,2.005668768473474,-7.118235860217772,2.0091507975936844,0.9759243223979295,5.9124087253682935
2.3346996307373047,2.0079814664779216,-7.12903016116397,2.0121228471961707,1.023198552041648,5.979397931496206
2.3788845539093018,2.010815841715107,-7.140302230136038,2.0157046075934786,1.0715080136438582,6.046261050654347
2.424006700515747,2.013875648272806,-7.152289178969855,2.0196254902178095,1.1208559591144949,6.115008424249055
2.476408004760742,2.017181755881107,-7.164224433128197,2.023855701549857,1.171397904845687,6.179720404786773
2.5420894622802734,2.020704575103245,-7.17632604906037,2.028383064270757,1.2234139532492816,6.236026322654067
2.609834909439087,2.02441995602105,-7.188930670039211,2.033216898517651,1.2769609410760994,6.290535209643503
2.666963815689087,2.0285786875366933,-7.201366905844731,2.0385485332210207,1.3318614562927014,6.343656432321279
2.7223620414733887,2.033425975103712,-7.21396821633158,2.0446524383930385,1.3881346886727752,6.39279254305496
2.7771010398864746,2.03849928794219,-7.227020046849906,2.0511015207962155,1.4457407585762523,6.436804375475119
2.8363664150238037,2.043623095995025,-7.23963451547283,2.057624858785048,1.5047548728168954,6.4716141129744305
2.8968234062194824,2.0491766685986708,-7.252160475384451,2.064633121035129,1.5652644745446092,6.500630177966949
2.9503045082092285,2.0553193522481545,-7.264956615692675,2.0723271092964763,1.6271738335011598,6.524483067045231
2.9984240531921387,2.061482077713302,-7.277216602743599,2.080037836571694,1.6903132610359446,6.543482964710988
3.0469889640808105,2.067291914802279,-7.289562605020105,2.0874727215542004,1.754661812988149,6.5595194734386535
3.102219820022583,2.0732845458176996,-7.301825341056968,2.0951389797411197,1.8204242554933892,6.572920990997557
3.151489734649658,2.079016419721657,-7.31330889968107,2.1024917931092193,1.8874193498618876,6.591164823276985
3.204162836074829,2.0843286590503975,-7.324402021380149,2.1094223451965126,1.9557017319112615,6.606195796240765
3.2524960041046143,2.089610799081033,-7.335222351037897,2.1163287353980356,2.0252258784839525,6.617860820431599
3.3080966472625732,2.0945169952958804,-7.345052717368648,2.122748883251802,2.0960904779059857,6.635236779457613
3.365999221801758,2.0990001865790835,-7.354282477288717,2.1286892344757273,2.168336176095409,6.648661077690775
3.4235153198242188,2.1029994575140103,-7.363073971499617,2.134110921926207,2.2419399591946427,6.661511787921869
3.4851644039154053,2.1063511768396577,-7.3706981691399625,2.138722144827965,2.3169390643750187,6.677629282928918
3.5376369953155518,2.108933200515513,-7.377741284982022,2.142495676218852,2.3931101371790615,6.692091120792394
3.5921967029571533,2.110978654017473,-7.3839596604936295,2.145613175435825,2.4704965328469783,6.704909294060247
3.6566929817199707,2.1121821764987905,-7.389194863132419,2.1477397859628686,2.5492454439185948,6.720580235488036
3.7121238708496094,2.1125761711980884,-7.393575175313146,2.1489251959379017,2.6291347500812106,6.735255397101328
3.7727768421173096,2.1121170944284744,-7.397011833402048,2.1491060970641342,2.710233817336401,6.749150597556027
3.8231515884399414,2.1107093893713174,-7.399595931033581,2.1482018141875856,2.792272400830754,6.76385831199693
3.8782665729522705,2.108540542890614,-7.401294508134083,2.146387780265258,2.875333637246481,6.779854676068122
3.931572437286377,2.105765087511055,-7.402939624908541,2.1439699030307953,2.9593835792943084,6.793778968858691
3.9813244342803955,2.102959085882045,-7.4044804578549455,2.1415044612795913,3.0443972754973174,6.8120709660543275
4.031452417373657,2.0998025773646085,-7.405910084754499,2.13867572596045,3.1303340962194195,6.830742633715401
4.083148241043091,2.096332006802732,-7.4072025777667365,2.135514416267295,3.2172141845751443,6.8498846931118225
4.132979393005371,2.0927455062118483,-7.408226686803518,2.13218966829606,3.3050046693884862,6.870284767187338
4.192352533340454,2.0890675297277665,-7.408965823244785,2.1287217263759857,3.393901394419971,6.891137860221604
4.241391658782959,2.0851567592093874,-7.40935017854956,2.1249579476204117,3.483652805687431,6.909062764575129
4.2918701171875,2.081683257751942,-7.409205732566562,2.121521745627434,3.574362143318352,6.932764255426201
4.341007232666016,2.0782205991451157,-7.408602555446011,2.1180077684059837,3.6659536160111386,6.959435271514924
4.40892481803894,2.074905802199646,-7.407540111249969,2.114550313962615,3.7588368041490194,6.990807813189971
4.453956604003906,2.071675331669225,-7.406103927011512,2.111103758554033,3.8525197938796536,7.026629963830739
4.500856399536133,2.068608563030606,-7.404227451414917,2.1077336690201034,3.947048850653529,7.067781747817821
4.556062936782837,2.065550439995922,-7.401864239816031,2.1042798025477176,4.042575776176375,7.110414717723192
4.614264488220215,2.06270034304276,-7.399054749155044,2.1009467860971434,4.139185715998601,7.156025078214073
4.6721765995025635,2.0600590466492923,-7.395760882532786,2.097729713720221,4.236873645566157,7.203987613518482
4.730520248413086,2.057306123436706,-7.391864883204742,2.0942938122955033,4.335601048275587,7.252631325784801
4.781607389450073,2.05474502560042,-7.387524422061921,2.0909692245282083,4.435250528450024,7.304629576047042
4.830679416656494,2.0522690464578988,-7.382658039862307,2.0876387174318443,4.5357646115575205,7.357460084194898
4.883319139480591,2.049695100557341,-7.37707267116908,2.084090642124606,4.637182601237791,7.4106950057872485
4.92920446395874,2.04725936320616,-7.371060233003924,2.0806144757624416,4.739392726218629,7.466573663024451
4.981080532073975,2.0448098769569216,-7.364510535497509,2.077044863114242,4.8424950422728354,7.523273967727573
5.0358662605285645,2.042186313206083,-7.357159291398863,2.0731829869258505,4.946511577211613,7.580373545147346
5.082180023193359,2.0396297555213594,-7.349398000447026,2.06934011277134,5.051294879619354,7.639322297319407
5.132215976715088,2.037030088881563,-7.341057506143766,2.0653841786713274,5.156899263007668,7.6988223334739265
5.1745100021362305,2.0341904562404665,-7.3318551305402515,2.061081910047654,5.263119925732937,7.758126204884437
5.2225635051727295,2.0313300540052954,-7.322292996340664,2.0567388175933763,5.370100107371862,7.818736295506799
5.273184776306152,2.028374315463487,-7.31211480373365,2.052247064644426,5.477869711861988,7.88006889901397
5.317315340042114,2.0251615555863105,-7.301000056672526,2.0474082055959504,5.586252976546574,7.940786735729391
5.369244813919067,2.0218343184172505,-7.289594249038229,2.0424688100937463,5.695424187658227,8.001758427942864
5.41670560836792,2.0183401364183333,-7.277549566045701,2.0373342062335604,5.8052671234824595,8.062924174757194
5.461798906326294,2.0145477090392467,-7.264481009872462,2.031834805435332,5.915691914584261,8.123702485581335
5.50976300239563,2.010644858900504,-7.251163089780382,2.0262713654126037,6.026778320601628,8.1842522190805
5.568238019943237,2.0064631625197062,-7.237226581720233,2.0204382875067597,6.138697825705485,8.244013647178125
5.644284009933472,2.0018444076741893,-7.222206502847223,2.0141392112870498,6.25175165552399,8.302829394970797
5.7073774337768555,1.9970502072236629,-7.206978612207283,2.007747413417168,6.365702198537611,8.361119822414997
5.764714479446411,1.9919089216370185,-7.191122139342518,2.0010569267874443,6.480388368275119,8.418178234215013
5.817255258560181,1.986219427355415,-7.174135699777428,1.9938382220082569,6.595653156614159,8.472967995130958
5.876532077789307,1.980251708206079,-7.157027434959284,1.986467830895579,6.711651536800435,8.526152635978614
5.932013988494873,1.973811707600111,-7.139352072038873,1.9787247552504095,6.828255458511183,8.576654495805126
5.9860618114471436,1.9667222235544821,-7.120623662715512,1.9704178167662798,6.945375193118167,8.621454449636804
6.036647081375122,1.9592538997142805,-7.101881363147371,1.9619010310671594,7.062956555879639,8.661291208587505
6.082821846008301,1.9511121243704956,-7.08263684415406,1.9528613288908383,7.180841661198027,8.69457593811958
6.138436317443848,1.94186189633628,-7.062377720103471,1.9428635063761015,7.299103318020307,8.719028467995319
6.192371845245361,1.932022253186581,-7.042538761608424,1.9324905001182624,7.417733015035888,8.736847281735509
6.234985828399658,1.9213587365195766,-7.022337650266301,1.9214885805071866,7.536437363763722,8.748079016538403
6.286780118942261,1.909337483678615,-7.0011823597263,1.909337849767481,7.6552581630323715,8.754079230460029
6.344826698303223,1.8969939791006174,-6.980754522672001,1.8970916016738824,7.774400712657285,1.9777605777478695
6.3985984325408936,1.8838806760593385,-6.960368998179595,1.8842974865808952,7.893689930588758,1.6761391543614277
6.4506165981292725,1.8695623609712415,-6.93946574854096,1.870542118520743,8.01297589415504,1.2671829746700842
6.501751661300659,1.8548938140690885,-6.919330263175777,1.8566471576234025,8.132300985480578,0.8532975294865219
6.565673589706421,1.8394783228913039,-6.899396739369809,1.842227324853377,8.251813635133828,0.43213309648016934
6.614740371704102,1.8228263654989207,-6.879126410399001,1.8268295989010677,8.371113897539347,0.0028097865208172286
6.670663118362427,1.8059255129371024,-6.859767322306445,1.8113619633221407,8.49039698840883,-0.43177419172660453
6.722986221313477,1.7883071027168012,-6.840774173815999,1.795381618863059,8.60950221281908,-0.8730473663378914
6.780550241470337,1.76941776472013,-6.821646388861619,1.7783838833933696,8.72838665197181,-1.3230231327579713
6.831855535507202,1.7503942037690219,-6.803558345115617,1.7613827501034245,8.847021663557225,-1.777824285640085
6.885303497314453,1.7307247093210558,-6.785980241637635,1.7439072442145362,8.965347419444159,-2.2391103784809125
6.941037654876709,1.7098127103799834,-6.768449756204854,1.725420244455981,9.083260788340858,-2.7087155516132393
6.990359783172607,1.688921311211209,-6.752047945279304,1.707025312320706,9.200748506048374,-3.1830577073253323
7.041207313537598,1.6674807475168452,-6.736294258753306,1.6882040046468925,9.317736319123625,-3.663942625601139
7.099882364273071,1.6448537333050113,-6.720780439698688,1.6683846579318247,9.434207732548858,2.664435604553786
7.150995492935181,1.6224016872342126,-6.706456950586964,1.6487433871282469,9.550145170772108,2.531193673790455
7.204678297042847,1.5995010434410448,-6.692903979060108,1.6287146938755435,9.665485955517237,2.4833319929147577
7.2658421993255615,1.5754883190548281,-6.679777690627344,1.6077020155794308,9.780197779175003,2.4307438427904113
7.323431015014648,1.5518270666577287,-6.667857153078465,1.586973886228968,9.894345904024235,2.37679737054786
7.38050651550293,1.527852605855012,-6.656772279813021,1.5659306667674344,10.007815196967108,2.3198466838960856
7.439132452011108,1.5028705829007811,-6.646265692000143,1.5439391016502793,10.120471715205548,2.2580736358204283
7.4926276206970215,1.4784049193665343,-6.636970656718582,1.5223243444451993,10.232372333793535,2.1947209740470788
7.54343843460083,1.4537636464948926,-6.628578534222967,1.5004608109211273,10.343372317948276,2.1283957610139788
7.60115909576416,1.4282392936927422,-6.62090841080111,1.477693443529233,10.453417410799421,2.0573086931605915
7.652289390563965,1.4033823631493918,-6.614406271954604,1.4553915556669683,10.562557995618661,1.9846172470652095
7.707469701766968,1.3784844876441174,-6.6088396503979965,1.4329081972604618,10.670750624935996,1.9090889841261758
7.7638444900512695,1.3528418532358866,-6.604112313116418,1.4095772914220566,10.777854923225242,1.828964101028002
7.83143424987793,1.3280128288620738,-6.60047568810561,1.386808476112305,10.884185035672735,1.7470839509684446
7.884674549102783,1.30327866757247,-6.597784606254157,1.3639327359938231,10.989439118962673,1.6617735830025677
7.933646202087402,1.277943275028662,-6.5960197829155,1.3402757290895864,11.093406152750664,1.5715679739929196
7.985037088394165,1.253540228508895,-6.595269783140992,1.3172583850288722,11.196287988939131,1.4797111968718546
8.036965131759644,1.229368835282059,-6.595476894307359,1.2942127631119953,11.297998855249537,1.3843539553790654
8.087403297424316,1.2047380467479827,-6.596634821959584,1.2704712622242667,11.398372839914718,1.284228263895566
8.138583421707153,1.1811430713120523,-6.598565927646253,1.2474968013405812,11.49760396168658,1.181171113016497
8.18962550163269,1.1578960224517367,-6.601221028426054,1.2246419341910217,11.595612063117821,1.0735609363335412
8.244401454925537,1.1343374449681394,-6.604705024548165,1.2012408404122437,11.69230707106405,0.9596627767924786
8.294234275817871,1.1119049286775868,-6.608812707705099,1.1787111894228057,11.787819173451114,0.8423550334537131
8.34871768951416,1.08993232486754,-6.613607019464109,1.156396129446381,11.882131915673419,0.7204042506592276
8.40249252319336,1.0678116529269592,-6.619247723672593,1.1336639811051188,11.975114732089787,0.5919477961437327
8.45445704460144,1.0468835944727846,-6.625392752894629,1.1118884161462077,12.066941304120874,0.46044656385063026
8.516973495483398,1.0265233184710008,-6.632157445276415,1.0904394840752463,12.157668852756753,0.3239192290028203
8.565637588500977,1.0061658313484843,-6.639764808546724,1.068709068612485,12.247037556903265,0.18098314803155616
8.648358821868896,0.9870545349040739,-6.647737391956678,1.0480293888532806,12.335606931034018,0.034182092469907686
8.741586446762085,0.968599678889927,-6.656262320762108,1.0277844764703938,12.42342710829279,-0.1184626944443597
8.786370038986206,0.9503115040300765,-6.665602999169472,1.0074290589695922,12.509908011544054,-0.27758144850470773
8.844785690307617,0.9332948797008279,-6.675176629304898,0.9882052188819437,12.595390261325832,-0.44065963230951033
8.892537593841553,0.9170156144850105,-6.685223383761672,0.9695369798722342,12.679739877846195,-0.6085867535480227
8.95189094543457,0.901055593654007,-6.696038309549838,0.9509436850394954,12.763007990000153,-0.7834963638082616
9.006455421447754,0.8863633913147015,-6.706958248427861,0.9335488897895847,12.845348175071482,-0.9621633217779819
9.05629825592041,0.8724847742311076,-6.718254977273459,0.9168478276662304,12.92671054268553,-1.1461212367702769
9.105508804321289,0.8590580200031787,-6.7302687127186465,0.9004086011751763,13.007053404491293,-1.3373453165116767
9.158880949020386,0.8468836626480468,-6.742249276229913,0.8852385970257819,13.086614353292724,-1.5323543223533096
9.207536935806274,0.8355747622938333,-6.754523589556413,0.8708868189763033,13.165366401014087,-1.7329357464246924
9.260244131088257,0.8248544403525081,-6.767441483795987,0.8570112666868864,13.243340181311282,-1.9405115658132037
9.31087613105774,0.8153472993894121,-6.780213699496625,0.8444508490791915,13.320709912095943,-2.1518029079628738
9.3630530834198,0.8067502317641525,-6.7931806812905515,0.8328386200476983,13.397527811287079,-2.368571999410645
9.420151233673096,0.7988605118999862,-6.806723785554143,0.8219086400224959,13.473859850177305,-2.5925434176756728
9.476602792739868,0.792126535731411,-6.8200031229832145,0.8123197180578853,13.549881271068292,-2.8205935452098894
9.536704540252686,0.7863342937563125,-6.833394712427686,0.8037903603454648,13.625683447086232,-3.05420075856751
9.60211181640625,0.781344179089878,-6.847275064806379,0.7961304114449662,13.701362784507541,-3.295273954772561
9.65228533744812,0.7774675068541509,-6.860799816950367,0.7898306243588308,13.776969511344591,-3.5398816257640893
9.702211856842041,0.7745328038336604,-6.874352671006591,0.7846580882764221,13.852581447812774,-3.7894636959058694
9.75845980644226,0.772505177795562,-6.888311844052642,0.7805373110235502,13.928337789858004,-4.045742456148163
9.804863452911377,0.771520359337203,-6.9018341912299,0.7777404392747587,14.004314490772089,-4.30532626958954
9.853486061096191,0.7714867216801282,-6.915304071965791,0.7761218731322598,14.080627694744045,-4.5698232353469885
9.918067932128906,0.7724356089311335,-6.929099278029487,0.7756827201380413,14.157516518565698,-4.840899488913336
9.965923309326172,0.7741871406109724,-6.942388880283593,0.7763277463818821,14.23494924902352,-5.116387221186907
10.021748781204224,0.7767136632728983,-6.955555294023007,0.7779842200226085,14.313082520475671,-5.398211828313266
10.082098245620728,0.7801315415441531,-6.9689632602300815,0.7807486800037527,14.39207481544315,-5.687685643181044
10.146469354629517,0.784243539950519,-6.9818013848165075,0.7844546637943574,14.472039865885067,-5.981846473238909
10.208854913711548,0.7891230232707259,-6.9944441673365665,0.7891425809906057,14.553071078760345,-6.2821526238237535
10.251925468444824,0.7949489464723195,-7.007234802499663,0.794981867632627,14.635155955981894,0.39899872967086264
10.29338788986206,0.8013813137994337,-7.019394680466491,0.8016159702359377,14.718332807445691,0.6729292492590568
10.340808629989624,0.8085737810818756,-7.0312823415019485,0.8091786850522481,14.80276469822324,1.005543271281079
10.383417129516602,0.8167658673268003,-7.043216221901979,0.8179083835403458,14.88856450727233,1.3340559053221217
10.432783365249634,0.8254709330818562,-7.054467459237746,0.827265958128851,14.97580712999722,1.6618322844773965
10.484084844589233,0.8349179267210245,-7.065364813088068,0.8374726880025235,15.064629150145032,1.9878078170027824
10.552015542984009,0.8454147695160461,-7.076199409119075,0.8488418477348803,15.155335989826606,2.3111948531310755
10.605604648590088,0.8563326161233058,-7.086308102096877,0.8606710393199889,15.247798276740305,2.6341822387314537
10.654114246368408,0.8679537634963284,-7.095990591045366,0.873245629325838,15.342092322740685,2.955309364115078
10.707533597946167,0.8806541812501765,-7.105495176006569,0.8869504039764995,15.438433312708653,3.273612501377899
10.754765748977661,0.8936752452347706,-7.11423917564751,0.9009472976806413,15.536727773466364,3.5916463212911376
10.809810638427734,0.9073690461017668,-7.122486025534265,0.9155989363661422,15.637167448563554,3.908633857574914
10.86819338798523,0.9221681958752074,-7.130438303646003,0.9313475895398998,15.739962971026467,4.223604367365679
10.922753095626831,0.9371883987939458,-7.137606470393784,0.9472368423621388,15.84501623783072,4.538880320592629
10.97450590133667,0.952841143795358,-7.144209169892987,0.9636921344446423,15.952422217204314,4.85326152819949
11.020719289779663,0.9696162541481601,-7.150398868307024,0.9812112412199235,16.06231066441645,5.165555557401271
11.06870412826538,0.9865082402301296,-7.155794297041996,0.9987343846252399,16.174609932818402,5.477998906549097
11.11423373222351,1.0039861557537646,-7.160567154209547,1.016744811619993,16.28941437034158,5.789649297045041
11.161656618118286,1.0225895852771942,-7.1648156957337,1.0357864999494673,16.406929471595713,6.099818144133594
11.203083515167236,1.0412101379097334,-7.168268681803698,1.0547193468226324,16.526983845558195,6.410449923786638
11.242482900619507,1.0603717335926204,-7.171045439548442,1.0740785612759147,16.649672865594187,6.720681023551884
11.287163257598877,1.0806640796669726,-7.17318408177497,1.0944530959628669,16.775243026782054,7.029918332541563
11.33788013458252,1.100877768498666,-7.174539137544139,1.1146280867218687,16.903635722276874,7.339974011614291
11.387258052825928,1.121582827345546,-7.175170357976731,1.1351795861933587,17.034956701066864,7.650060109943259
11.44339895248413,1.143410616003376,-7.175051040722453,1.1567327710613344,17.169481565360332,7.959806104229964
11.488924503326416,1.1650619322552223,-7.174179234114567,1.1780100642978435,17.30694998161275,8.27048223735806
11.533175945281982,1.1871554666418462,-7.172597150302415,1.1996365609092339,17.44746882654748,8.580828636737037
11.586609125137329,1.2103667112053742,-7.1703421629006945,1.222294574992379,17.59135712271792,8.88854181106149
11.637542009353638,1.23331236900281,-7.167535224478512,1.2446394863479098,17.738437056942214,9.194648623239809
11.699639320373535,1.2566512835979107,-7.164108279369929,1.2673215755782095,17.88897731923717,9.498588797131983
11.758091926574707,1.2810850342736102,-7.159911407502516,1.291026925857572,18.04314798700427,9.799174131456885
11.814276456832886,1.305152746838249,-7.155175883221868,1.3143451781450384,18.200760185176126,10.09769974302448
11.859964847564697,1.3295410245844645,-7.149778514384729,1.3379510228047977,18.36180129062438,10.393082985735369
11.91654348373413,1.3549757497263923,-7.143513662417973,1.3625547525318824,18.52663109317224,10.684643682915878
11.980215311050415,1.379936016139928,-7.136735800694894,1.3866939416582915,18.695173932000838,10.974370497190153
12.034274816513062,1.405139464575651,-7.1292502440690395,1.4110714158042652,18.86742389145058,11.261015850811757
12.093784809112549,1.4313299812090787,-7.120779970334973,1.4364168323791318,19.04367559377787,11.543464250119566
12.158965349197388,1.4569306253901373,-7.111819930460696,1.4612154338248455,19.223824132198327,11.82365770834118
12.21524167060852,1.4826758977782022,-7.102126965289965,1.4861889970295619,19.407863066187954,12.100309835112613
12.277226448059082,1.5093145918644424,-7.091364365033474,1.5120773738181847,19.59609306712034,12.37230142318671
12.332195043563843,1.5352445617830266,-7.080157802580682,1.5373357270937669,19.78820614278749,12.64158434151173
12.382033586502075,1.5612120513165573,-7.068200411437083,1.562700983968539,19.98423682916655,12.907103698003304
12.438174962997437,1.587967974738051,-7.055083193318144,1.5889230462737305,20.184492063919986,13.167819823930268
12.490848779678345,1.6138972525661202,-7.041563250101272,1.614432360180956,20.388699300071103,13.425793660408017
12.54899263381958,1.6397486767287823,-7.027272873046922,1.6399754670232192,20.597054011308522,13.679943787454677
12.60729193687439,1.666260642811672,-7.011755144866887,1.6663021074265036,20.809762246582398,13.9288997294185
12.699074745178223,1.691832558279982,-6.995919226955239,1.6918374797730518,21.02716348994037,7.0451451995028895
12.743900537490845,1.7172086606503343,-6.9793363052375135,1.7173329824159764,21.248568247381282,6.536464843797161
12.798015356063843,1.7431069483768356,-6.961473946862696,1.7435326467405026,21.47432578968157,5.969737646969191
12.846328258514404,1.7679575887212327,-6.9433837802561245,1.7688638816639006,21.704092973858756,5.397083601169223
12.898496389389038,1.7924905723024385,-6.924566536049426,1.794077105164855,21.938023266841395,4.817255096251083
12.947954654693604,1.8173884868468058,-6.904418843751527,1.8199001812058586,22.176245424668714,4.228983627936258
12.998668432235718,1.8411449546455307,-6.88414387628484,1.8447865419660334,22.418531746617404,3.634656133454322
13.046948194503784,1.864466246278448,-6.863190086431855,1.869478894227525,22.664910924680605,3.033209859428916
13.103952407836914,1.887996095976362,-6.8409053946757625,1.8946874021498266,22.91571071092783,2.4228990711926763
13.157811164855957,1.9103237116564675,-6.818630281807856,1.9189141872408053,23.1706204946097,1.8066907129197725
13.218299627304077,1.932204885575964,-6.795661174820832,1.9429796898885037,23.4298559219816,1.1813548088445576
13.280501365661621,1.9539417318684733,-6.770961662973533,1.9673197125442063,23.693559845538537,0.5443169237536615
13.331441640853882,1.9740088399432794,-6.746026688841807,1.9902797147523932,23.96118882442132,-0.10087387661613886
13.382997512817383,1.9929668944545447,-6.720834364825446,2.0124240344058215,24.23272591485853,-0.7547822887970452
13.443873167037964,2.0112666939444397,-6.694495329247222,2.0343369480058997,24.508410885298645,-1.4181953648782313
13.505377292633057,2.027758668515977,-6.669028893672147,2.0545917090666874,24.787916723537336,-2.0838541284540084
13.559037208557129,2.0430674956503694,-6.642915975609975,2.0740380402147034,25.071080946244482,-2.7588278794653887
13.612022638320923,2.0575503949385134,-6.615491929253485,2.0931698651043207,25.357916884629955,-3.4438369170772973
13.665245532989502,2.070314353136574,-6.588372311733594,2.110838429286064,25.648134995214765,-4.136982406388672
13.720818042755127,2.081771173465734,-6.560810373015294,2.1275945918158055,25.941733994098282,-4.840011661660654
13.77290964126587,2.091949870338907,-6.532106428398981,2.1436367822829796,26.238579370205773,-5.553571920592374
13.820507764816284,2.0997277982087397,-6.503733488225247,2.1575767141122935,26.53816142069446,-6.275117034563701
13.87129020690918,2.1056193608572866,-6.475140537782236,2.1700484667160245,26.840422316403597,-7.004590635955865
13.934106588363647,2.109713306290465,-6.445536375032633,2.1813574090806394,27.145505877094525,-7.74381944385569
13.988034009933472,2.1117599837419596,-6.416705899953341,2.1908359674067532,27.452908613149848,-8.489450201495325
14.04808759689331,2.1118777169312657,-6.387817704950696,2.198816648482235,27.762598370131258,-9.243051228379683
14.105237483978271,2.1099840166507784,-6.3580359660266845,2.2054818909791676,28.074353352769695,-10.00579925918218
14.154284000396729,2.106295815734203,-6.329160110987186,2.210544779023971,28.387746427553168,-10.776011032677484
14.205161571502686,2.100838256371266,-6.300357885559424,2.2142765111277183,28.702661156809068,-11.55571960532899
14.247236490249634,2.0933806704109377,-6.270809081049142,2.216745819333047,29.0187331068977,-12.345972703338662
14.29191780090332,2.084364465603527,-6.242299183372577,2.217811027339467,29.335807356705065,-13.144234935220226
14.33457636833191,2.0736101146447377,-6.214005632627012,2.2175766171880116,29.653664129407005,-13.951658811629361
14.382875919342041,2.060720378917079,-6.185126068290816,2.215984658038799,29.972227257249457,-14.770064302158078
14.424928903579712,2.046425961847779,-6.157446658193804,2.2130872895377163,30.291173788489328,-15.59682747740923
14.470425844192505,2.0303988357530875,-6.130095386442629,2.2089032276032134,30.610393085816174,-16.440567239465086
14.521646976470947,2.0126711363462992,-6.10243352423739,2.20374015743563,30.92989614474094,-17.30453986366074
14.570215702056885,1.9938225772824085,-6.075865723763199,2.19757881091823,31.249471983062687,-18.191101948091916
14.62062668800354,1.9736130893928934,-6.049978307756792,2.1903629476311934,31.56899518641949,-19.09785163277566
14.68064546585083,1.9516650963311375,-6.024440766125983,2.181905696182602,31.888467300930404,-20.024374905876638
14.737188816070557,1.9293441012765762,-6.00094844629323,2.172664877079443,32.207732944295735,-13.713968077064111
14.790268659591675,1.9081436612582277,-5.978988873369242,2.1641339960140553,32.52696108835323,-13.771005283294894
14.846551895141602,1.8862395916544425,-5.95772028027099,2.155051463720322,32.8460036690521,-13.795884198882163
14.909874677658081,1.8642694088115355,-5.938491096334426,2.145297550735515,33.16488945403115,-13.83270249390777
14.962687730789185,1.8420256682577398,-5.921397031014323,2.134582611946675,33.48320889073357,-13.87916628927312
15.017151117324829,1.818468755050079,-5.905860429448299,2.122255878290939,33.80067858970726,-13.941976363316316
15.067437648773193,1.7954471421900209,-5.892703756068629,2.109439596722986,34.11723545752523,-14.01385575338766
15.116340160369873,1.772425194611408,-5.8814365292149136,2.095871014320315,34.43269759113221,-14.096710185540136
15.168123483657837,1.7487257347932508,-5.871815430340073,2.081067543052592,34.746876138713986,-14.193461534528161
15.22131609916687,1.725775554656626,-5.864441484917779,2.065864082224705,35.05980749476577,-14.299661912718864
15.278705835342407,1.70295108967959,-5.859002886696347,2.0498577576037254,35.37139859913089,-14.417764492558701
15.337690114974976,1.6796409935098244,-5.855417296522491,2.0325509666865806,35.68141428873849,-14.550610829039398
15.389914751052856,1.6572835166866369,-5.853880464952278,2.014988497063751,35.989763053717844,-14.693475361719988
15.441106796264648,1.6352519098541638,-5.854233955062829,1.9967044444315383,36.29624791412506,-14.848934897064185
15.497681856155396,1.612959022854063,-5.856465534551896,1.977196976295992,36.60071686436738,-15.020390053707285
15.569908380508423,1.5917788379898914,-5.860305865563931,1.9577187206390068,36.90358404995323,-15.203572733087123
15.627265453338623,1.5711137111926865,-5.865768558932291,1.9377510818998886,37.20440479147276,-15.400936220472548
15.68330717086792,1.5504269979972332,-5.87306289578611,1.9167188403552307,37.502906470653095,-15.615547676162308
15.740989923477173,1.5309920059900617,-5.881715333733375,1.8959159045729137,37.79926210857129,-15.84224495208382
15.794458627700806,1.5122407919710261,-5.891866425563353,1.8747885831994222,38.093262083564234,-16.083632653376448
15.845459699630737,1.493677839126699,-5.903831507494075,1.8527436010039051,38.384633325979244,-16.34280145068246
15.893688678741455,1.4764330255651863,-5.9168448805876,1.831141581552027,38.67350906627292,-16.61431095423039
15.944901704788208,1.459986814749744,-5.931181240320936,1.8094018459935857,38.959842438505376,-16.900943586581846
16.00010585784912,1.443916663039493,-5.947273992491901,1.786932392869704,39.24350656766034,-17.205966380511796
16.04309105873108,1.4292024459756727,-5.964113345200917,1.7651291151566448,39.524507511137784,-17.52360543945621
16.095313549041748,1.4153158598484408,-5.982173880656118,1.7432983084822737,39.802913759315715,-17.85707092988503
16.14638876914978,1.4019042683654337,-6.001990838385834,1.7208596294663412,40.0785265773591,-18.20580841689775
16.20557999610901,1.3899897004703528,-6.022063571803883,1.6995384741177944,40.351814528812056,-18.561719773860432
16.25785756111145,1.3789439416339324,-6.042535034387833,1.6787571457907884,40.622666341538995,-18.92551019125376
16.31194019317627,1.3685138295987014,-6.064085784065687,1.6579401440917108,40.89102684611199,-19.299881903426755
16.35571813583374,1.359334828014323,-6.085416297689551,1.6383694709022802,41.15703687147737,-19.679685119001707
16.40117835998535,1.350704763483592,-6.106125822880175,1.6196957747116927,41.420818694757926,-20.062517817596117
16.447710514068604,1.3429368796282568,-6.127122197756352,1.6016850877483317,41.68245815264144,-20.457456131385204
16.488983154296875,1.3365450648621968,-6.147391434240886,1.5853372123347473,41.94222935098075,-20.86294568113706
16.5283420085907,1.3308876693048788,-6.167158066529389,1.569996074662239,42.20018955795513,-21.276983910993
16.577062845230103,1.3260215778082858,-6.187153161012828,1.5553305785152598,42.45655113579199,-21.703743841623407
16.626802682876587,1.3221601733857595,-6.206114108622834,1.5421939996690364,42.7116550312195,-22.138863369073754
16.67777967453003,1.3191383838490838,-6.224607400396947,1.5301502407486502,42.965645741168814,-22.584341216722528
16.732693433761597,1.3168891259623456,-6.243132850031934,1.5188959321752935,43.218672510220244,-23.042340512700246
16.781038761138916,1.315529448401914,-6.260562789487663,1.5091007646618269,43.47093577773144,-23.508900664243637
16.83145761489868,1.3149640574711057,-6.277413986518297,1.5004202808947407,43.722610332978874,-23.985815850429113
16.885773181915283,1.3151085327153178,-6.294139804810337,1.4925645942383283,43.97385583628989,-24.47511238545646
16.936774015426636,1.315811130349603,-6.309731046769369,1.4858768988533373,44.22484667925762,-24.97288058538244
16.989543914794922,1.3170393321724414,-6.32466183035774,1.4800926477301983,44.47572924451108,-25.48075687630802
17.043196439743042,1.3188229906639135,-6.339327192690982,1.4750534359884346,44.72662157802359,-26.000549155154285
17.100704669952393,1.3210308648687976,-6.352839464701257,1.4710334137551595,44.977776655482856,-26.5286215693385
17.149675846099854,1.3236840378234211,-6.365608195430054,1.4678529877661552,45.22919064218314,-27.066330941242768
17.196442127227783,1.3268564254498125,-6.377955676764681,1.4654306922631108,45.4809503535425,-27.61524262909908
17.239271640777588,1.3303278198205595,-6.389136405958466,1.4638737782725202,45.733155839257954,-28.171532559783806
17.282253980636597,1.3341550276935397,-6.3995104880189135,1.463064349890063,45.98592539326786,-28.736555851851907
17.330047607421875,1.338434495522985,-6.409340389913126,1.4629715218669996,46.23944977168812,-29.311898589218167
17.377004384994507,1.3428851971261504,-6.418029361917138,1.463567721785061,46.49383361887189,-29.894131181276535
17.426300525665283,1.3475967359059495,-6.42586638948262,1.464802500458711,46.749217982576646,-30.484621628197395
17.48261332511902,1.352694466803235,-6.433029798766925,1.466709763247781,47.00582790536593,-31.08498666524442
17.53152084350586,1.357846954395698,-6.439079634062267,1.4691426099890346,47.26363423293111,-31.69181104051866
17.580273628234863,1.3631700666022226,-6.444231231993346,1.4721112573348327,47.5227322848172,-32.3061797283906
17.627132892608643,1.368802994911552,-6.448586850053111,1.4756958022618296,47.78321359946524,-32.92918823011074
17.683927297592163,1.3743841706511633,-6.451885322304667,1.4796491301797006,48.04526900869747,-33.558169415556236
17.742004871368408,1.3800472567876272,-6.454276874921085,1.4840297032785266,48.30900368825557,-34.194126279461564
17.792787075042725,1.3859393822923627,-6.455780725777206,1.488960237825215,48.57442426645853,-34.83795086661858
17.847527503967285,1.391683066114561,-6.456304197547777,1.4941174258117038,48.841603003770494,-35.487145169409786
17.89267373085022,1.3974306587529082,-6.455899136092301,1.499619350411194,49.110475193804206,-36.14228525204682
17.94752597808838,1.4033256635818823,-6.454524183999123,1.5056117640047029,49.381294497637455,-36.80482576567079
18.001383781433105,1.4090053606778408,-6.452409037951437,1.5116719115390624,49.65402237470317,-37.47390658602378
18.0560245513916,1.4146120966512452,-6.449538940357386,1.5179376674208007,49.92872814819566,-38.15076631225549
18.1168532371521,1.420288502727648,-6.445806507867828,1.5245818632339805,50.20559882641932,-38.8366716024774
18.170436143875122,1.425682514192365,-6.441437396811476,1.5311965298271166,50.4844853807681,-39.52929331807228
18.224650144577026,1.4309658947954058,-6.436358209265039,1.5379712157028589,50.76545272274182,-40.229554071932384
18.282630681991577,1.4362845540853695,-6.4303943389326275,1.5451096820045518,51.04865326616457,-40.93876114479277
18.335243701934814,1.4413528646681038,-6.423942546424089,1.5522049704556777,51.33396335909628,-41.65459293054693
18.387210369110107,1.4463617015194408,-6.416868888415517,1.5594883984563548,51.62143811440239,-42.37779618646096
18.445403337478638,1.4514766699833892,-6.408962326953055,1.567198154180516,51.91128511061092,-43.109534554586745
18.48862314224243,1.4563793275701267,-6.4006934648727105,1.5748679528201377,52.20322349125974,-43.84706217189426
18.541046142578125,1.4612141823374023,-6.391847365071325,1.5827180778757328,52.49746099289117,-44.591438425332974
18.5914409160614,1.4660883136409315,-6.382123846284235,1.590970108055176,52.79407046354039,-45.343559944349494
18.64043092727661,1.4706886323063175,-6.372093186653512,1.5991222653199375,53.092968960576535,-46.10126845033459
18.68934416770935,1.4751366969031372,-6.36147222217807,1.6074034955792869,53.39421025505507,-46.865467841152025
18.744211673736572,1.4795372482950784,-6.349918549829625,1.6160558037853119,53.6979924065029,-47.637158073163704
18.799564361572266,1.483613671816504,-6.338112651187896,1.6245628303387853,54.004253844041955,-48.414396408174646
18.860111713409424,1.4874707458870655,-6.325730588599131,1.633159042782024,54.313129085212616,-49.19799677087308
18.91829490661621,1.4911737235177402,-6.3123705275176745,1.6420820214398801,54.62467530250293,-49.988500712372215
18.966671466827393,1.494461452414692,-6.298820037701564,1.650778111159179,54.93864257246472,-50.78376273051535
19.013040781021118,1.497436478634585,-6.284700690366631,1.6595086953395333,55.255038695892246,-51.58423887411065
19.06590747833252,1.5001448898557725,-6.269564057722223,1.668523705654676,55.57405938289792,-52.39085334601517
19.116432428359985,1.5024187499427,-6.2543027217889255,1.6772973889298193,55.89557617320285,-53.20186973251853
19.167224407196045,1.504326758407781,-6.2384959493335685,1.6860864198619967,56.21963104409027,-54.017746918327994
19.227055549621582,1.505918173978192,-6.22164280294632,1.6951783012188049,56.546473105866426,-54.8392750283027
19.273595333099365,1.5070426103223014,-6.204745935601301,1.7039971996073542,56.875776520444944,-55.6644151657359
19.31818699836731,1.5077224236203224,-6.187329661160206,1.7127930366268789,57.20753666585749,-56.49336068080943
19.369064569473267,1.5079435389162903,-6.168851617381781,1.7218308135494225,57.541942965603226,-57.326684683660986
19.422536373138428,1.5077056988928168,-6.1504054864663775,1.7306031641888067,57.87894722970642,-58.16328373343547
19.47406840324402,1.507041405962458,-6.131456380450769,1.739408467941036,58.21856135494029,-59.00327688137539
19.521946668624878,1.5058961173279213,-6.111417334328956,1.7485143036058832,58.560815968350006,-59.846754320705124
19.575941801071167,1.504369294979499,-6.091476745800155,1.757424672382572,58.90573943629095,-60.694337712813066
19.630003690719604,1.50244610795416,-6.071071155604466,1.7664238181299032,59.253388411558326,-61.54786109839152
19.68802261352539,1.500005820557085,-6.0495790710617445,1.7757582616642926,59.60393354402978,-62.40828076929318
19.7406005859375,1.4973733273142877,-6.028261226420582,1.7850498943810762,59.95724227721093,-63.273442818118056
19.78710389137268,1.494425457568736,-6.006563442419233,1.7944981588643247,60.31326631868251,-64.1359964052634
19.841597080230713,1.4903655023516358,-5.984336594859702,1.803541372727842,60.67202205242078,-65.00047922903282
19.88970422744751,1.4858044218966657,-5.962994664549673,1.8119036524826948,61.03324055776139,-65.869131384293
19.94373607635498,1.4809752337766249,-5.9424485851884015,1.8198084069565517,61.3969688189875,-66.74549733297417
19.991670608520508,1.4758120188930435,-5.922184334032566,1.827486723594452,61.76308177684674,-67.62950714417074
20.04555583000183,1.4707470234269944,-5.903844988418102,1.8342989441024804,62.131458417826735,-68.52150827311853
20.097604751586914,1.4651133045429963,-5.8858009937715625,1.8406510860642047,62.50202041215588,-69.41987559112303
20.145900011062622,1.4590180204673897,-5.868045897682432,1.8466330642014814,62.87463946065486,-70.32622379085097
20.19475030899048,1.4527214501369927,-5.851444168587049,1.8519125545124484,63.249156526010594,-71.23895590267082
20.240761518478394,1.4460889141122104,-5.835463144098656,1.856695784524438,63.62544421488103,-72.15857672302565
20.29018998146057,1.4389447229815475,-5.819638906297688,1.8611325120266318,64.00351521012819,-73.08603458840052
20.33903956413269,1.431722036078871,-5.80490506751017,1.8649610951053912,64.38321324342523,-74.02002521818653
20.3811457157135,1.4242307385401645,-5.790781206776123,1.8683263329751767,64.76433607958093,-74.96082290494954
20.42846179008484,1.4162358060651843,-5.776868577037339,1.87130284460313,65.14691211733025,-75.9094449967738
20.471850395202637,1.4082136708960282,-5.763985022019689,1.8737125629856186,65.53073672189903,-76.86419543389287
20.516841650009155,1.3999618244426968,-5.751696871952782,1.8756742279482845,65.91576199961347,-77.82579009845978
20.56275224685669,1.3912393148092264,-5.739644619164234,1.8772433292124158,66.30193180459648,-78.79507623842919
20.617645502090454,1.3825919324072287,-5.728512368232995,1.8783613202187759,66.6893174819482,-79.77088750617904
20.669631242752075,1.3737924964132249,-5.717909063907932,1.879112288185758,67.07779815935014,-80.75363041041878
20.72639226913452,1.3645790024155884,-5.707521598606147,1.879514903346907,67.46739405249079,-81.74416511482029
20.77479386329651,1.3554907256790496,-5.697954446470757,1.8795418938845678,67.85786770557337,-82.74039392593049
20.829835891723633,1.3462562586174798,-5.688891237533435,1.8792051779631045,68.24926938861971,-83.7431379511158
20.881150484085083,1.3367836061361753,-5.680266100588755,1.8784802301034866,68.64144517749544,-84.75182022013414
20.93448305130005,1.3273180136809954,-5.672197292051163,1.8774538984162372,69.03437781248664,-85.76438086568294
20.983508348464966,1.3173233901175292,-5.664073033525979,1.876177436678957,69.42793801537044,-86.78194019717819
21.031387329101562,1.3064668894117129,-5.655632088136761,1.8746148445951887,69.82203926505773,-87.80462084487782
21.076323986053467,1.2953756427585317,-5.647374280345608,1.872857280553604,70.21659297689943,-88.83086380778236
21.13372039794922,1.2836361281356903,-5.638969624555326,1.8708622055988668,70.61177625696612,-89.86168413996319
21.18736720085144,1.2705403939076385,-5.629886686378459,1.8685511458651531,71.00744194360293,-90.89802187807504
21.242605447769165,1.2567813372329202,-5.620697757173088,1.8660048249359695,71.40357535410749,-91.93903261595497
21.296640634536743,1.2422156953876362,-5.6113924422645365,1.86315076772317,71.80007847186782,-92.98429544255272
21.35421848297119,1.226809726413079,-5.602039533302186,1.8599342921919861,72.19693125670908,-94.03315107995164
21.433897972106934,1.2110623485075966,-5.592847759525855,1.8565423345143905,72.59452145073011,-95.08644450799677
21.49565315246582,1.194615708996461,-5.583595333884531,1.852919013441977,72.99245616294846,-96.14294552534379
21.55628252029419,1.1769192525415373,-5.573987457571644,1.8489593554661805,73.39062709950058,-97.20230758561407
21.61118769645691,1.1589833404135796,-5.5646199599626325,1.8448735031686847,73.78891758980281,-98.26338862024264
21.65725588798523,1.140288235974983,-5.555207499322668,1.8405658453628866,74.18710287893933,-99.32560594244488
21.70483946800232,1.1202501896378465,-5.545419128386669,1.835964596457957,74.5851359223994,-100.38850052333245
21.756274700164795,1.100052337957906,-5.535819451928248,1.831376483303843,74.98311640958579,-101.45170980656452
21.80179214477539,1.0791035355161172,-5.52612814803202,1.8266807811949262,75.38089598643957,-102.51465732917542
21.849717140197754,1.0567325159827543,-5.516032573105067,1.8217691770420346,75.77845623815527,-103.57685037963694
21.896871328353882,1.034201375740087,-5.50616449893919,1.8168976277744135,76.17581281895019,-104.63800297621881
21.94628119468689,1.0106079617674757,-5.496321407731193,1.8117333582057027,76.57290448928309,-105.70164177532158
21.992597579956055,0.9856892717024861,-5.486438775952395,1.806225600330662,76.96958964116246,-106.76715604281755
22.041358709335327,0.9608077867692848,-5.476819733411058,1.8008969231031662,77.36599892424626,-107.83589837949977
22.088000297546387,0.9353535151267393,-5.46675495031724,1.7960307849913477,77.762219595568,-108.9062091783147
22.13887882232666,0.9089302692845235,-5.456384191521241,1.7913413964421099,78.15833355776554,-109.97505679864327
22.18579125404358,0.8834449050191341,-5.4465646318921594,1.7870748006428296,78.55438358300987,-111.04195486019667
22.235748291015625,0.8575542873040212,-5.436659320816728,1.7830965859601438,78.9504706301814,-112.10766510123358
22.283900022506714,0.8305651429134632,-5.426440462255344,1.7793055036867722,79.34659018149057,-113.17083569982917
22.329898595809937,0.8040464252303464,-5.416507804655808,1.7759330467789793,79.74281698427501,-114.23167504101595
22.37901210784912,0.7772083595363587,-5.406536087462968,1.772901597576984,80.13927170253682,-115.2895502020035
22.43928074836731,0.7492444113758074,-5.396167641540816,1.770210558667705,80.53622511574258,-116.34380938125484
22.49516272544861,0.7218116876111697,-5.38600538571533,1.7680471507604105,80.93373385857805,-117.39499025842535
22.55414128303528,0.694104073767986,-5.375710653653187,1.766379445611013,81.33195880382073,-118.44214873304125
22.608262300491333,0.6656630541696965,-5.365608415133471,1.7647501676920316,81.73077522288901,-119.47923684149623
22.672057390213013,0.6376489393094921,-5.35602029272157,1.7633109333710246,82.13041016623866,-120.512758389466
22.736064672470093,0.609395987772052,-5.346120931113151,1.7625775002577067,82.53107758328834,-121.54560099725174
22.797316789627075,0.5801067405069547,-5.335506402501962,1.76268623597439,82.93293362208225,-122.57107561403618
22.85576033592224,0.5505449604816315,-5.324238548715792,1.7638810036739654,83.33620151366279,-123.59125963596246
22.905797004699707,0.5198866556021038,-5.3119792703370345,1.7662661516444884,83.74101736771826,-124.60478654083087
22.954301834106445,0.48716817752704134,-5.29830203916493,1.770058977295744,84.14770133057354,-125.60992301982203
22.997106552124023,0.45433315277705993,-5.283997812628295,1.7751287617456997,84.55643656179461,-126.60845405310504
23.042465925216675,0.42045636797549774,-5.268662764892911,1.7816599504505364,84.96762806765086,-127.5992493170603
23.094225645065308,0.384487533180886,-5.251764300622729,1.7900164032065904,85.3818541401667,-128.5809963466482
23.13916254043579,0.3490632470574693,-5.234707561708285,1.7994728514585072,85.79918273296188,-129.55506534155305
23.183980226516724,0.3141360504069213,-5.217892545963199,1.8095823926803634,86.2197269111856,-130.5184822441786
23.230964183807373,0.2771653926504779,-5.1994788198884425,1.8217291716699848,86.6441468404812,-131.47082689194517
23.27210283279419,0.24047217415667918,-5.180645217577173,1.8351781087590522,87.07257627082544,-132.41453291135508
23.325893878936768,0.20341550832150693,-5.161252367823637,1.8499650601727267,87.50557585270012,-133.34803304306027
23.38302516937256,0.1646437485056098,-5.140460612768024,1.8668139426812334,87.94377831503348,-134.2693120504527
23.433923482894897,0.12647690643739765,-5.11950731933351,1.8847411307397668,88.38723982826755,-135.1809357375525
23.49360966682434,0.08780179273193955,-5.097779897544365,1.9042453815076639,88.83656623037427,-136.081475754855
23.58639430999756,0.047445254953495004,-5.07449447501811,1.9260899716662736,89.29304586487267,-136.97055257868766
23.6435329914093,0.00841545950923492,-5.051581288241411,1.9484368853749796,89.75595987405396,-137.85481341593862
23.69870352745056,-0.031214259969214352,-5.0285187433014675,1.971728347298139,90.22556307563916,-138.72614228026248
23.772082567214966,-0.07282970975290429,-5.00480145080122,1.9965273394941552,90.70265910248034,-139.58102614171014
23.836621522903442,-0.11438452377045047,-4.9806040831606575,2.0226328604632138,91.18739699432373,-140.42584194882707
23.90324068069458,-0.15706324339185596,-4.955286924162629,2.0507365566852047,91.68039985881737,-141.2586406121969
23.974889039993286,-0.20215165752269784,-4.9280122887819084,2.081825729516753,92.1826241847582,-142.07745154440732
24.039220333099365,-0.24693606746064106,-4.900372630195457,2.114098510818564,92.69406426196282,-142.88596424030624
24.106213331222534,-0.2926632813517855,-4.8715709176925515,2.148455760462319,93.2154113158712,-143.68275197351247
24.183552503585815,-0.34033832771442585,-4.841352384246136,2.185312267460029,93.74758310613947,-144.46588204575855
24.255002975463867,-0.35744338802979025,-4.822692179877708,2.2064530629976926,94.28487244177555,-145.40959438423445
24.30745506286621,-0.3583188658161303,-4.810263784406686,2.2188594149879544,94.82546133218095,-146.47216600072286
24.370028018951416,-0.36133889767056643,-4.797473014263201,2.231970188391549,95.37070416980697,-147.58301014216917
24.431862354278564,-0.36454795352696606,-4.786955333282937,2.242869123980607,95.91976876052343,-148.72510098486805
24.487476587295532,-0.36076295941048814,-4.786644874409313,2.2425634494616156,96.46888539271367,-149.8062240715928
24.550399780273438,-0.35689746203119793,-4.787228758451913,2.2413684136764696,97.01903079524152,-150.87173635396553
24.61805009841919,-0.3546432477499136,-4.787802340061807,2.240444223766935,97.57049205768466,-151.936651533888
24.685823917388916,-0.3536164904688841,-4.788289951612298,2.239800428714724,98.12334086811288,-152.9957388420124
24.761451721191406,-0.3534998990090729,-4.788472013590223,2.2396022444338435,98.67787907818699,-154.04274390210352
24.826393842697144,-0.35397148361726927,-4.788558106795768,2.239591716861118,99.23388788552609,-155.08137152166964
24.89231038093567,-0.354948424202932,-4.788716060279684,2.2395903745795,99.7913735385998,-156.1129368759692
24.98110604286194,-0.3564711958307481,-4.788936467048784,2.239614623144731,100.35085646741555,-157.13606476031586
25.04038906097412,-0.3584559356098132,-4.789181576784583,2.2396894334265656,100.91169089633127,-158.14914020008644
25.107905626296997,-0.36095122072406693,-4.7894176328286395,2.239857179775338,101.47408889782798,-159.15022774986735
25.184038639068604,-0.3640679087236467,-4.789605510517256,2.24017616300551,102.03828762662552,-160.1362761472829
25.254730224609375,-0.3652256145581041,-4.790349883396107,2.2396301898610274,102.60384559178937,-161.12329140023584
25.320301294326782,-0.36536981620896897,-4.7914370747558515,2.238581090190741,103.17055615857647,-162.11879707845048
25.391969442367554,-0.36577670923411437,-4.7920522452345,2.238040636090451,103.73878470759031,-163.11651376548053
25.4674232006073,-0.3659842926150534,-4.792432186093468,2.237699746489015,104.30863508302743,-164.1217315732555
25.548423767089844,-0.36607255608165323,-4.792588473086853,2.2375600026513673,104.88028242016394,-165.1356569693338
25.626835823059082,-0.3660732782623568,-4.792606938386343,2.2375419043043334,105.45369180061745,-166.15703713916471
25.709492444992065,-0.3660719105925781,-4.792608322265835,2.2375403153138835,106.02895190003768,-167.18181280597204
25.788846731185913,-0.3660722172968465,-4.792610961196672,2.2375377621183756,106.60598682874326,-168.2097720904239
25.871574640274048,-0.36607180316237337,-4.792614827305233,2.2375338803475713,107.18487168852171,-169.24103671056628
25.950220823287964,-0.36607148725244215,-4.792619211716035,2.2375295033282474,107.76551509791967,-170.2754260949152
26.02017378807068,-0.36607408409446757,-4.79262587248368,2.2375233571683757,108.34772194938758,-171.31263584181983
26.104095220565796,-0.36607680836956163,-4.79262866834406,2.237521044692667,108.93180634222679,-172.35307716471164
26.17295527458191,-0.36607910902896373,-4.792628859076005,2.237521232938705,109.51743179260772,-173.39630468474442
26.241966724395752,-0.36607956243171674,-4.792630960493748,2.2375192340181016,110.10460064555863,-174.44230170324005
26.307962656021118,-0.3660802920285428,-4.792631113772151,2.237519202174247,110.69324635850356,-175.49092737899826
26.377506732940674,-0.3660809803306538,-4.792631607466998,2.23751882774505,111.2834480004999,-176.54231916648172
26.44020652770996,-0.3660803528248265,-4.792634109309285,2.2375162569485756,111.87505166284855,-177.59619741263307
26.516912937164307,-0.3660802564590717,-4.792636476642878,2.237513905748232,112.4683710420727,-178.65312811208315
26.589864492416382,-0.3660840562497259,-4.792640483685904,2.237510574389013,113.06332173867033,-179.7129718499763
26.68523097038269,-0.3660864265699057,-4.7926426144675816,2.2375088601351365,113.66040597455476,-180.77656371637
26.755265712738037,-0.36608854391993867,-4.792644952735383,2.2375068998047807,114.25905669490534,-181.84299288491013
26.835466146469116,-0.36608964035278746,-4.792649103840898,2.2375029840310887,114.85950065913387,-182.91264285930262
26.9169762134552,-0.36609017054122517,-4.792650987430159,2.237501212571728,115.46176815115163,-183.9855223011927
26.997060537338257,-0.36609316443420153,-4.792655958762355,2.237496798083248,116.06582607480233,-185.06164611776737
27.073072910308838,-0.36609202209880004,-4.792658525996634,2.2374940785395925,116.67158420609483,-186.1407405935251
27.139197826385498,-0.36609391043535644,-4.792659432675689,2.2374934930438264,117.27882193297492,-187.22242979447958
27.204111576080322,-0.36609783156422815,-4.79266408102239,2.2374895489107343,117.88751069195042,-188.30674396009363
27.268977403640747,-0.36610081623032864,-4.7926666654305095,2.2374874876848314,118.4976504432539,-189.3936382464364
27.327916622161865,-0.36610188862089177,-4.7926672374436,2.2374870988469753,119.10910901317465,-190.48287000569368
27.401005029678345,-0.36610189258340337,-4.792667561754569,2.2374867795550593,119.72220284624973,-191.57501667733976
27.484437704086304,-0.3661030394197464,-4.7926690678019055,2.2374854814525356,120.33716301972726,-192.670490704675
27.54869818687439,-0.36610393438437866,-4.792673479552241,2.2374812755962297,120.95355956274345,-193.7685469220658
27.61522150039673,-0.3661055879456484,-4.792680339969417,2.2374747782003173,121.5714425290194,-194.86926468013135
27.669259309768677,-0.3661065939333382,-4.792680935225255,2.237474355571371,122.19053506818913,-195.97202273065983
27.73252248764038,-0.36610980735430537,-4.792682735152268,2.237473105701134,122.81104267539558,-197.07734859244985
27.78505516052246,-0.3661119191998375,-4.79268641328371,2.23746982269762,123.43272457153179,-198.18478820780663
27.830581188201904,-0.36611396147268976,-4.792689905359422,2.237466711861301,124.05542425025172,-199.29406336804612
27.885010480880737,-0.3661143527297694,-4.792690476531183,2.2374662124087763,124.67934188814282,-200.405480372572
27.95604372024536,-0.3661155513918469,-4.7926940732203365,2.2374628603325655,125.30484764839402,-201.51973942976772
27.99542737007141,-0.36611475843573094,-4.792695844030964,2.237460983638068,125.93123422533264,-202.63553286996685
28.041667699813843,-0.3661159728151091,-4.792697873495675,2.237459180235668,126.55865491323307,-203.75313817543866
28.09689712524414,-0.36612120699457473,-4.79270471689605,2.2374532855512563,127.18730927163135,-204.87301096125043
28.16056227684021,-0.3661243818370219,-4.792707936313452,2.2374506290394796,127.81738768378439,-205.99538035022272
28.212791681289673,-0.36612565963672,-4.792708694937988,2.237450089733128,128.44863476264297,-207.1198236661155
28.265925407409668,-0.36612655339294486,-4.792711360603723,2.2374476062485273,129.0810697857066,-208.2464268754351
28.3153817653656,-0.3661285757902841,-4.792715217565824,2.237444132213296,129.71461028612606,-209.37503182776663
28.363210201263428,-0.3661282285720117,-4.7927184068517406,2.2374409290992237,130.34922003966415,-210.50551619674496
28.41649317741394,-0.3661288106425275,-4.792721248189436,2.2374382213095654,130.98502124839248,-211.63807878340475
28.468823432922363,-0.3661303640736919,-4.792723347687169,2.237436404312326,131.62199288606035,-212.77271750074084
28.51893424987793,-0.3661342107732761,-4.79272782966953,2.2374326122173946,132.26008444241447,-213.9093517667276
28.570266485214233,-0.36613658017686684,-4.792729388847563,2.2374314617884647,132.89932445842857,-215.04804408970483
28.618363857269287,-0.3661364023540484,-4.792729901127096,2.2374309273153363,133.53964052881543,-216.18861147770016
28.6721408367157,-0.3661380352940559,-4.792733311285437,2.2374278303440187,134.1811586777544,-217.33138902400955
28.729263305664062,-0.3661411623362051,-4.792738793884771,2.2374229333718203,134.8239533138469,-218.47648981097666
28.784393310546875,-0.3661410555332668,-4.792741693024586,2.2374200558364064,135.46798081497437,-219.6237129069795
28.839177131652832,-0.3661430882963985,-4.792746023351055,2.2374161165370663,136.11323281806472,-220.7731150640563
28.904080867767334,-0.3661451749338126,-4.792748149096488,2.2374143609184896,136.75993669872977,-221.92503029670547
28.96521782875061,-0.36614795150009194,-4.792749621921761,2.237413362325845,137.40800825299777,-223.07942962191524
29.032121419906616,-0.36615091020488644,-4.792754307881367,2.237409223727329,138.0575752016306,-224.2365606636036
29.089481115341187,-0.36615232615625765,-4.7927557373408,2.2374080452594236,138.70842547458267,-225.3959183938471
29.144288539886475,-0.36615531421366454,-4.7927597830750415,2.237404543067222,139.3605007601995,-226.5575128385435
29.198912382125854,-0.3661576753349933,-4.792766685279976,2.237398120321162,140.0137960347168,-227.7213203155152
29.26180911064148,-0.3661568072978958,-4.79276947730709,2.2373952238792785,140.66849806453476,-228.88756857999167
29.325773000717163,-0.3661597092503948,-4.792774037986035,2.2373911996043083,141.32462992644128,-230.05631625335812
29.37984609603882,-0.3661633198864273,-4.792777384341112,2.2373884892674125,141.9819709501248,-231.22722233134758
29.434675455093384,-0.36616803671576686,-4.792782400028551,2.2373843131514093,142.6405373437725,-232.40039411800035
29.492884397506714,-0.36616944301747895,-4.792786277272085,2.2373807183396734,143.30040509308336,-233.5758723475613
29.55247163772583,-0.3661706486445166,-4.792786851425222,2.237380349241078,143.96160624931102,-234.75370333294484
29.64684534072876,-0.3661727455957401,-4.7927908337250615,2.2373767638252686,144.62491751963015,-235.93533662204516
29.70925283432007,-0.36617417865341506,-4.792797146550019,2.237370770656987,145.28962305940894,-237.11945135627323
29.77210283279419,-0.3661751666532004,-4.792800607304567,2.2373675182652906,145.95573409245523,-238.30600945559058
29.822941064834595,-0.3661791469681335,-4.792804981722482,2.2373638542676515,146.62298142971966,-239.49458338370778
29.872170448303223,-0.3661816636789117,-4.792808319066099,2.2373609738257425,147.2913294253205,-240.68512436029792
29.92491912841797,-0.36618366413958336,-4.792809591354495,2.237360046103309,147.96085751695622,-241.87777567435853
29.98668670654297,-0.3661839129759426,-4.792809016701861,2.237360653733541,148.63176790744976,-243.07286679125835
30.048094511032104,-0.3661852058145842,-4.792810620508152,2.237359283150357,149.3040516023438,-244.27043887394618
30.109702825546265,-0.366184345657887,-4.7928112052306036,2.2373585655322388,149.97771354580567,-245.47042529034775
30.170004844665527,-0.36618614032223007,-4.792818191812278,2.237351966892763,150.6527220827455,-246.67286537501127
30.237428665161133,-0.36618895263841733,-4.792823279047161,2.2373474085511504,151.32923795356382,-247.87796786125298
30.29546332359314,-0.36619162957334994,-4.792825565815495,2.2373455907586735,152.0070519846549,-249.08531573267123
30.35491943359375,-0.3661946790853669,-4.792828989880247,2.237342711991948,152.68619527445676,-250.29510456527757
30.414382219314575,-0.3661949393169351,-4.792828300453113,2.237343434714936,153.36666953052202,-251.50718749296325
30.494553804397583,-0.3661974835677796,-4.792835240625551,2.2373370045649903,154.04893482414977,-252.72259611391263
